1685574139.320910,10
1685574139.425954,10
1685574139.537401,12
1685574139.651183,15
1685574139.762408,16
1685574139.872391,15
1685574139.987194,16
1685574140.103159,14
1685574140.219946,15
1685574140.365565,17
1685574140.481823,13
1685574140.592417,14
1685574140.706184,19
1685574140.820037,21
1685574140.933345,20
1685574141.045512,19
1685574141.155922,19
1685574141.267236,18
1685574141.379262,18
1685574141.490279,18
1685574141.600433,18
1685574141.712601,18
1685574141.821543,17
1685574141.933064,17
1685574142.044119,17
1685574142.154448,18
1685574142.264581,18
1685574142.374622,15
1685574142.492709,12
1685574142.611128,6
1685574142.729171,4
1685574142.849723,4
1685574142.968751,5
1685574143.085666,6
1685574143.213797,6
1685574143.340564,4
1685574143.459292,6
1685574143.574613,6
1685574143.691345,6
1685574143.813281,6
1685574143.940975,6
1685574144.060563,5
1685574144.177341,6
1685574144.292979,6
1685574144.415109,6
1685574144.537213,8
1685574144.654569,5
1685574144.771383,6
1685574144.887989,6
1685574145.005592,6
1685574145.121775,6
1685574145.238111,7
1685574145.350615,6
1685574145.462171,6
1685574145.581479,5
1685574145.702062,6
1685574145.824238,6
1685574145.967587,4
1685574146.085005,7
1685574146.195665,6
1685574146.312668,6
1685574146.423736,6
1685574146.539477,6
1685574146.658206,6
1685574146.782518,6
1685574146.900746,7
1685574147.028245,6
1685574147.147760,6
1685574147.257602,6
1685574147.376343,4
1685574147.497056,6
1685574147.615549,6
1685574147.732272,6
1685574147.852158,5
1685574147.968711,5
1685574148.090504,6
1685574148.206231,6
1685574148.328985,6
1685574148.445814,6
1685574148.563354,6
1685574148.679520,6
1685574148.795699,6
1685574148.911410,6
1685574149.032537,6
1685574149.148875,6
1685574149.267087,6
1685574149.389608,3
1685574149.505846,4
1685574149.621328,4
1685574149.736605,7
1685574149.854207,8
1685574149.972314,10
1685574150.088880,11
1685574150.207613,13
1685574150.325180,13
1685574150.444242,12
1685574150.559930,13
1685574150.676076,12
1685574150.792187,11
1685574150.907049,12
1685574151.024307,13
1685574151.162824,9
1685574151.277886,11
1685574151.396035,10
1685574151.519661,11
1685574151.639210,11
1685574151.756512,10
1685574151.874473,10
1685574151.989617,10
1685574152.109454,10
1685574152.232155,11
1685574152.349669,12
1685574152.472068,11
1685574152.588836,11
1685574152.708101,10
1685574152.825576,11
1685574152.943116,10
1685574153.060220,10
1685574153.179270,8
1685574153.295133,10
1685574153.414122,10
1685574153.530217,10
1685574153.646569,9
1685574153.766012,9
1685574153.883120,9
1685574154.002476,8
1685574154.119016,9
1685574154.234556,10
1685574154.350644,9
1685574154.468885,9
1685574154.584290,9
1685574154.690718,8
1685574154.797044,9
1685574154.912061,9
1685574155.028584,10
1685574155.144253,11
1685574155.261991,11
1685574155.377064,11
1685574155.494286,10
1685574155.613761,10
1685574155.737370,11
1685574155.855691,11
1685574155.973586,10
1685574156.093984,9
1685574156.210413,10
1685574156.326363,10
1685574156.447710,13
1685574156.569505,11
1685574156.684955,11
1685574156.799906,10
1685574156.919280,10
1685574157.038188,10
1685574157.157922,11
1685574157.275008,11
1685574157.396510,10
1685574157.517699,10
1685574157.635680,10
1685574157.752392,10
1685574157.870346,11
1685574157.987004,10
1685574158.109003,10
1685574158.225092,9
1685574158.343627,9
1685574158.467289,10
1685574158.578946,10
1685574158.694170,9
1685574158.809201,9
1685574158.927222,9
1685574159.046185,9
1685574159.164300,9
1685574159.282144,10
1685574159.400267,9
1685574159.518670,10
1685574159.637992,7
1685574159.755563,2
1685574159.874356,3
1685574159.993909,3
1685574160.110991,6
1685574160.226197,7
1685574160.341973,7
1685574160.459169,9
1685574160.581956,11
1685574160.699528,9
1685574160.817774,11
1685574160.934850,10
1685574161.049673,10
1685574161.169172,11
1685574161.285058,10
1685574161.401654,11
1685574161.507594,11
1685574161.613615,11
1685574161.720693,9
1685574161.826807,10
1685574161.943490,9
1685574162.058483,9
1685574162.164036,10
1685574162.269858,11
1685574162.383211,10
1685574162.492032,10
1685574162.600605,10
1685574162.710820,10
1685574162.819481,9
1685574162.927993,9
1685574163.037594,9
1685574163.147017,9
1685574163.254825,10
1685574163.370321,11
1685574163.487662,10
1685574163.604641,10
1685574163.724781,12
1685574163.840835,10
1685574163.957726,9
1685574164.073435,10
1685574164.190604,12
1685574164.306602,11
1685574164.416680,11
1685574164.534438,10
1685574164.649516,10
1685574164.766848,10
1685574164.883474,10
1685574164.999144,11
1685574165.114482,10
1685574165.230113,11
1685574165.345126,9
1685574165.460134,10
1685574165.574947,11
1685574165.684645,10
1685574165.793508,10
1685574165.905291,11
1685574166.015696,11
1685574166.125436,11
1685574166.236371,10
1685574166.346556,11
1685574166.456984,10
1685574166.567916,10
1685574166.678797,10
1685574166.788794,11
1685574166.898510,10
1685574167.010154,11
1685574167.120620,11
1685574167.231543,10
1685574167.341780,11
1685574167.452187,8
1685574167.562761,9
1685574167.672770,10
1685574167.780070,10
1685574167.887152,9
1685574167.994421,9
1685574168.100626,10
1685574168.207287,11
1685574168.324482,11
1685574168.439958,11
1685574168.550130,11
1685574168.665073,11
1685574168.774521,10
1685574168.882925,10
1685574168.999399,10
1685574169.116414,9
1685574169.231379,11
1685574169.346984,10
1685574169.462045,11
1685574169.579173,11
1685574169.696198,10
1685574169.811960,10
1685574169.936712,10
1685574170.059321,4
1685574170.175004,2
1685574170.282044,3
1685574170.397681,3
1685574170.515254,5
1685574170.635482,7
1685574170.750742,6
1685574170.869144,7
1685574170.975659,7
1685574171.081806,7
1685574171.187839,9
1685574171.293864,8
1685574171.407406,10
1685574171.523408,9
1685574171.640472,10
1685574171.755593,11
1685574171.866271,11
