1685574102.348794,2
1685574102.462016,7
1685574102.574232,8
1685574102.689479,11
1685574102.794806,10
1685574102.899523,11
1685574103.009651,13
1685574103.119862,15
1685574103.230539,14
1685574103.341300,14
1685574103.451900,16
1685574103.562645,17
1685574103.673084,18
1685574103.787601,19
1685574103.896767,20
1685574104.012888,20
1685574104.127800,20
1685574104.242783,13
1685574104.357523,11
1685574104.475459,11
1685574104.591859,11
1685574104.708596,16
1685574104.823286,19
1685574104.939168,20
1685574105.054157,20
1685574105.169644,20
1685574105.286959,20
1685574105.404367,19
1685574105.519737,20
1685574105.636350,19
1685574105.755390,20
1685574105.875156,20
1685574105.995545,19
1685574106.115451,19
1685574106.232410,19
1685574106.351395,19
1685574106.470527,16
1685574106.589649,11
1685574106.708729,12
1685574106.827993,6
1685574106.950669,3
1685574107.069792,5
1685574107.189302,6
1685574107.313624,6
1685574107.445607,8
1685574107.567127,6
1685574107.684430,8
1685574107.801166,6
1685574107.919356,6
1685574108.036410,6
1685574108.151590,6
1685574108.267044,5
1685574108.389592,6
1685574108.505275,6
1685574108.620309,6
1685574108.738100,6
1685574108.856639,6
1685574108.975271,6
1685574109.092183,6
1685574109.209234,6
1685574109.320888,7
1685574109.437657,6
1685574109.555131,6
1685574109.671422,6
1685574109.789882,6
1685574109.907716,7
1685574110.023273,6
1685574110.140671,5
1685574110.257494,5
1685574110.374979,6
1685574110.494503,6
1685574110.612149,6
1685574110.731211,6
1685574110.846613,5
1685574110.964732,5
1685574111.083378,4
1685574111.199170,5
1685574111.321700,6
1685574111.442566,6
1685574111.559905,6
1685574111.681103,7
1685574111.802828,6
1685574111.924720,6
1685574112.044624,6
1685574112.163441,6
1685574112.280061,6
1685574112.400212,4
1685574112.516577,3
1685574112.635208,4
1685574112.766990,5
1685574112.891309,8
1685574112.998452,7
1685574113.115993,9
1685574113.225634,7
1685574113.334641,8
1685574113.452240,10
1685574113.570144,10
1685574113.691252,10
1685574113.807390,10
1685574113.925157,11
1685574114.047199,10
1685574114.169038,9
1685574114.297635,10
1685574114.426409,11
1685574114.540235,12
1685574114.656696,11
1685574114.771881,10
1685574114.887531,10
1685574115.006466,10
1685574115.129571,11
1685574115.236258,10
1685574115.342636,10
1685574115.457287,11
1685574115.565838,10
1685574115.675048,10
1685574115.783616,9
1685574115.901376,11
1685574116.017727,10
1685574116.137050,11
1685574116.262342,12
1685574116.385146,9
1685574116.502875,10
1685574116.624749,11
1685574116.746161,11
1685574116.871693,11
1685574116.992656,10
1685574117.119968,9
1685574117.241023,11
1685574117.366404,10
1685574117.473282,10
1685574117.590035,10
1685574117.706779,8
1685574117.825302,9
1685574117.944650,10
1685574118.067310,10
1685574118.188624,8
1685574118.310231,9
1685574118.437075,9
1685574118.561675,11
1685574118.683812,10
1685574118.805799,10
1685574118.917798,10
1685574119.025305,10
1685574119.141665,10
1685574119.257403,10
1685574119.372847,10
1685574119.492604,10
1685574119.629808,10
1685574119.736636,11
1685574119.847049,10
1685574119.957643,11
1685574120.070026,11
1685574120.181713,11
1685574120.292238,11
1685574120.403591,11
1685574120.511922,11
1685574120.618786,10
1685574120.734321,10
1685574120.849877,10
1685574120.968505,11
1685574121.087302,10
1685574121.206557,10
1685574121.333908,9
1685574121.456515,9
1685574121.575734,11
1685574121.696869,10
1685574121.816889,9
1685574121.936486,8
1685574122.058777,9
1685574122.178899,10
1685574122.297288,9
1685574122.420554,9
1685574122.544323,8
1685574122.664012,6
1685574122.783200,3
1685574122.906014,3
1685574123.021607,4
1685574123.138047,7
1685574123.254446,8
1685574123.377679,7
1685574123.496649,8
1685574123.616206,7
1685574123.734831,9
1685574123.855206,10
1685574123.971723,9
1685574124.092070,12
1685574124.206849,11
1685574124.314506,11
1685574124.428080,10
1685574124.545521,9
1685574124.665495,10
1685574124.785367,11
1685574124.896289,12
1685574125.013580,13
1685574125.138129,11
1685574125.259517,9
1685574125.367759,10
1685574125.474888,10
1685574125.590006,11
1685574125.710998,10
1685574125.830292,11
1685574125.958606,10
1685574126.076382,10
1685574126.190960,11
1685574126.303208,10
1685574126.415293,11
1685574126.524621,11
1685574126.634748,11
1685574126.746368,10
1685574126.860363,10
1685574126.970486,9
1685574127.080684,9
1685574127.191672,10
1685574127.301759,10
1685574127.412544,11
1685574127.522094,11
1685574127.635959,9
1685574127.749903,9
1685574127.855913,10
1685574127.961924,10
1685574128.066855,9
1685574128.179989,9
1685574128.293402,10
1685574128.412143,11
1685574128.529565,11
1685574128.644836,11
1685574128.760879,11
1685574128.874845,9
1685574128.990946,10
1685574129.096297,10
1685574129.203023,10
1685574129.312458,11
1685574129.420772,11
1685574129.526316,11
1685574129.641512,11
1685574129.759614,9
1685574129.877524,9
1685574129.990189,10
1685574130.101110,11
1685574130.215077,10
1685574130.327751,11
1685574130.435071,11
1685574130.541783,11
1685574130.654909,11
1685574130.769926,11
1685574130.889324,10
1685574131.010093,10
1685574131.120166,11
1685574131.227697,11
1685574131.333346,11
1685574131.437267,11
1685574131.544695,11
1685574131.649904,10
1685574131.755299,10
1685574131.863301,11
1685574131.969085,12
1685574132.072937,10
1685574132.177523,9
1685574132.281867,10
1685574132.387248,10
1685574132.491971,10
1685574132.598800,10
1685574132.704987,10
1685574132.812191,9
1685574132.916596,10
1685574133.029104,4
1685574133.143776,4
1685574133.253877,4
1685574133.365163,7
1685574133.471266,8
1685574133.578215,9
1685574133.684474,9
1685574133.790539,9
1685574133.897765,10
1685574134.004087,9
1685574134.109588,11
1685574134.224702,9
1685574134.345965,10
1685574134.452494,9
1685574134.568194,9
1685574134.688974,9
1685574134.806101,9
1685574134.921626,9
1685574135.035222,9
1685574135.150844,11
